5.824115813315451362e-01
5.187147228216348882e-01
4.848551361699610096e-01
4.678885042460858568e-01
4.562127037710889121e-01
4.477216685326332324e-01
4.428302129151006628e-01
4.407881197112348270e-01
4.314556868639738973e-01
4.294914954644644123e-01
4.261085279414988936e-01
4.296215043680087775e-01
4.222846079930115959e-01
4.227181620074904611e-01
4.207880412094806011e-01
4.221364209636250808e-01
4.160800430606160227e-01
4.098729116794390670e-01
4.116686236523788844e-01
4.147481945493695643e-01
4.081304726795611515e-01
4.106746536943537418e-01
4.060846830893124482e-01
4.044918457171360338e-01
4.071706563069105167e-01
4.072005609031030815e-01
4.033937013384705783e-01
4.034786041792448597e-01
4.008498302740267638e-01
4.089683633935344287e-01
4.051598231679271467e-01
3.999157561065418975e-01
4.008540224777024652e-01
3.982520962104315054e-01
3.980791695772238348e-01
4.008353592431636025e-01
3.956866803077551120e-01
3.960435020473378476e-01
3.992239879140900283e-01
3.971999251875543702e-01
3.936108291686118421e-01
3.965436086750493416e-01
3.945454930523907278e-01
3.956426413973750944e-01
3.936823648416740151e-01
3.914404563084296629e-01
3.931739385951664167e-01
3.901362225919321469e-01
3.922249527127892876e-01
3.925317729502523778e-01
3.909800527249453483e-01
3.921287130314033420e-01
3.914369266126524471e-01
3.908645428061402471e-01
3.904631413049525768e-01
3.883244956089074162e-01
3.883817463349073518e-01
3.881242166086772971e-01
3.890009960075756501e-01
3.898490566246557432e-01
3.865063695013729594e-01
3.878505821039671675e-01
3.859126111305346551e-01
3.867346796511116902e-01
3.864177373636124013e-01
3.868590037564973438e-01
3.854565606894628793e-01
3.854077701364551634e-01
3.862352739665876888e-01
3.840170363151440558e-01
3.847582704456663505e-01
3.880398684153520406e-01
3.868577423520329628e-01
3.855273577069046609e-01
3.852018550172582323e-01
3.837495308655958781e-01
3.872976203862776301e-01
3.857163742174312682e-01
3.831788163092594290e-01
3.889245025436661729e-01
3.836130593914334752e-01
3.821056487964245574e-01
3.825537075268586329e-01
3.829278513035341280e-01
3.822767019003361355e-01
3.825007791496033427e-01
3.806798096568073664e-01
3.794499456324845199e-01
3.808144437754559242e-01
3.803517195555540797e-01
3.797659373229688162e-01
3.826660404623339340e-01
3.791853859246148706e-01
3.788123730665597932e-01
3.798084936865649963e-01
3.815582119708084141e-01
3.803510042068781738e-01
3.820616633360863212e-01
3.790646708846009405e-01
3.828031350797195809e-01
3.780028673504593484e-01
3.804563176111471212e-01
3.796673455815801068e-01
3.775549932684406085e-01
3.788912595144511286e-01
3.780208185717865987e-01
3.781293346207751371e-01
3.791582900992054306e-01
3.779074626710789975e-01
3.816837974496790076e-01
3.792652482901359701e-01
3.772672640310751335e-01
3.774410107134946735e-01
3.797458218912738159e-01
3.763422996156841616e-01
3.794862049698251583e-01
3.792094587143807205e-01
3.784326117379914756e-01
3.777645655022837112e-01
3.767764856645157145e-01
3.803860912162730368e-01
3.808646898714106444e-01
3.770289256167098091e-01
3.767452753631092000e-01
3.763971487660418003e-01
3.772910985468331257e-01
3.777831658689990713e-01
3.767121034988659689e-01
3.757781854579618774e-01
3.759743801665983431e-01
3.800914371521705859e-01
3.739254628195171071e-01
3.755748482086719853e-01
3.760546902175256889e-01
3.739298918101825464e-01
3.751275675914721996e-01
3.763304823752665618e-01
3.737803419183214348e-01
3.780751982477912332e-01
3.763028053942440443e-01
3.745571399780089905e-01
3.749711520231521766e-01
3.781878340289729912e-01
3.763234413649089172e-01
3.765728154883811185e-01
3.740178068334331085e-01
3.740214936987691363e-01
3.788500988619739052e-01
3.762326799410544154e-01
3.757836787095932274e-01
3.799448414697303433e-01
3.746772954654792875e-01
3.748135380730889810e-01
3.745341723215555030e-01
3.740572906457461100e-01
3.751599955129193975e-01
3.758058343818430624e-01
3.752394202200802775e-01
3.764809334827477483e-01
3.750231760971594053e-01
3.751737187698493958e-01
3.730693174498988518e-01
3.740795660849172699e-01
3.724489076552255362e-01
3.734315296819618046e-01
3.743859574312314309e-01
3.727365804478598443e-01
3.769483397445658746e-01
3.735015223464945855e-01
3.720402345319465121e-01
3.752629707050422758e-01
3.731471994376727719e-01
3.729017221279137817e-01
3.731063753469735511e-01
3.722062268380232908e-01
3.699799649370931198e-01
3.730982142195301554e-01
3.730974607763402617e-01
3.742316819711931086e-01
3.733828915483159983e-01
3.695982493981667116e-01
3.718432693000642830e-01
3.707352528143325610e-01
3.719902628734552685e-01
3.712300367741145357e-01
3.727309414168157864e-01
3.772280799871670642e-01
3.708875977117322975e-01
3.747842751665406147e-01
3.718876855309771190e-01
3.715478176262670962e-01
3.716662681028402027e-01
3.698533512058145845e-01
3.725175848869672901e-01
3.739529271982481307e-01
3.707621786033454825e-01
3.727833314315362467e-01
3.704402871373124184e-01
3.699809832760466710e-01
3.727227221820723080e-01
