6.706704283538071909e-01
4.985121106323988638e-01
4.343726553994676221e-01
3.867675137260686014e-01
3.618308156728744507e-01
3.454639404688192306e-01
3.372647451317828393e-01
3.332514338519262376e-01
3.216696566213732011e-01
3.156421484182710402e-01
3.194511944185132735e-01
3.118319349444430566e-01
3.034674366531164846e-01
3.049514322825100376e-01
3.026254740746124883e-01
3.010369263913320603e-01
2.984418306985627267e-01
3.028530731149342015e-01
2.991999219293179912e-01
3.034929587789204075e-01
2.910087636631468189e-01
2.909102948463481164e-01
2.863663643922494950e-01
2.875041163162044833e-01
2.831628369572369852e-01
2.844723126162653215e-01
2.800239407173965023e-01
2.810650011119635305e-01
2.837410650175550830e-01
2.788494906347731006e-01
2.775730304419994354e-01
2.831318284506383343e-01
2.777611308771630871e-01
2.793749714999095302e-01
2.764979139294313493e-01
2.793331790877425225e-01
2.785160625758378306e-01
2.797920020378154016e-01
2.758410756030808542e-01
2.784442245636297164e-01
2.739974219837914560e-01
2.788230135388996556e-01
2.722975219721379680e-01
2.681248733854811883e-01
2.691198671641557016e-01
2.727371321424194028e-01
2.728568312266598794e-01
2.689108014430688920e-01
2.675394051424834774e-01
2.654747533733430309e-01
2.687910390288933415e-01
2.685203421051087780e-01
2.672169360777605918e-01
2.668653781647267742e-01
2.645139243939648721e-01
2.668822430398153367e-01
2.636251193673714299e-01
2.661347687244415283e-01
2.618105728989061909e-01
2.654480236056058207e-01
2.647302834236103797e-01
2.666293852355169358e-01
2.632030101250047438e-01
2.619147598743438721e-01
2.630391613296840236e-01
2.679316966753939044e-01
2.640780845414037459e-01
2.643551144586956947e-01
2.609499305810617509e-01
