8.984099570019491443e-01
7.379098930235566955e-01
6.583220095470033728e-01
5.949437263710745105e-01
5.529113964274011694e-01
5.167834023977148084e-01
5.004904123729673193e-01
4.825982394917258111e-01
4.643871278084557574e-01
4.545779605877810492e-01
4.423345977376247351e-01
4.356406748551747143e-01
4.275010062445854242e-01
4.235776601166560962e-01
4.155205014193880109e-01
4.125874403478770325e-01
4.024576680927440808e-01
3.982079445288099206e-01
3.936618277481917505e-01
3.844994472275520270e-01
3.928798146802803815e-01
3.784087857809559918e-01
3.721374274584753894e-01
3.712338780791595294e-01
3.678865561197544043e-01
3.621918986840494958e-01
3.628814341179255609e-01
3.563394089197290393e-01
3.623928028190958051e-01
3.555833692180699335e-01
3.513392168900062451e-01
3.490839958961667877e-01
3.470483358050214795e-01
3.471942757224214526e-01
3.448032568497904626e-01
3.494001281415594073e-01
3.418070991234532507e-01
3.433203593153378308e-01
3.456335853913734546e-01
3.405971944589039624e-01
3.421880497500814355e-01
3.445870779968541187e-01
3.345193428726032092e-01
3.347036403057904175e-01
3.393928233919472626e-01
3.338702575399957739e-01
3.312167073118275629e-01
3.340704435932225214e-01
3.352546666202874115e-01
3.308027562653196307e-01
3.344571666213972949e-01
3.300370494353360162e-01
3.385499622030505029e-01
3.348529662551550934e-01
3.318433927307868903e-01
3.274371841087423407e-01
3.282664008438587189e-01
3.254214753878527655e-01
3.277244432989893097e-01
3.285511982595098468e-01
3.299027375619986713e-01
3.286873790724524347e-01
3.253857167116526727e-01
3.233577892955007416e-01
3.232479221348104614e-01
3.240106005606980255e-01
3.219451787399834619e-01
3.218651517968753040e-01
3.268562727447213989e-01
3.209593177869402014e-01
3.220177840056090424e-01
3.199810611790624426e-01
3.217795480941904041e-01
3.300902025196059131e-01
3.219869454102269324e-01
3.177625940277658545e-01
3.186032393112264716e-01
3.180877169401481463e-01
3.174498568064180182e-01
3.234146061385499982e-01
3.254972867153841931e-01
3.132035754107195813e-01
3.143088299909542194e-01
3.149445759582108484e-01
3.168737416894271686e-01
3.175889856085695184e-01
3.147737302913747870e-01
3.138924166560173035e-01
3.178863179837835284e-01
3.174234913854763196e-01
3.129897743206599414e-01
3.169804230846207660e-01
