2.670236683595585969e-01
2.308013750796667762e-01
2.096068818448694471e-01
2.106763891515876785e-01
2.040280333198673524e-01
1.910722902934325063e-01
1.951952908381366647e-01
1.940304234570595365e-01
1.922251552823191212e-01
1.811481018505710638e-01
1.837355915277076868e-01
1.786803727393073693e-01
1.841656086376613211e-01
1.767624754571957280e-01
1.792091598770912675e-01
1.806093181528430902e-01
1.791064371896344543e-01
1.757860925708346067e-01
1.777276672649468758e-01
1.728537809870110964e-01
1.773149331561781339e-01
1.714760209958540449e-01
1.742808456484341573e-01
1.723706543125705370e-01
1.706062351388453469e-01
1.762538107781802532e-01
1.736368780992325334e-01
1.743626710767182952e-01
1.692748419900486356e-01
1.803849108503841614e-01
1.697413274261947158e-01
1.713612495999856655e-01
1.761819625903114361e-01
1.693855141137921572e-01
1.760418630323384581e-01
1.711789862467692491e-01
1.672823675816515476e-01
1.671851505800308613e-01
1.728253670983109780e-01
1.675223988182642787e-01
1.704012001722997882e-01
1.720649155393269569e-01
1.692082728051008955e-01
1.652254862094394705e-01
1.678475980548611302e-01
1.729169951515248937e-01
1.708098925876702645e-01
1.664534385560983432e-01
1.709274744784896050e-01
1.697875032457981104e-01
1.686237672866990056e-01
1.656978419700334271e-01
1.666906028519482830e-01
1.696789003708707999e-01
