1.940855129474609253e+00
1.353066234582231075e+00
1.185081064061888512e+00
1.129834139155318828e+00
1.103879191600605214e+00
1.087980515835432094e+00
1.078374951198976639e+00
1.072332039755087507e+00
1.065127972463500328e+00
1.061113558250202260e+00
1.057315384414815984e+00
1.054527837373615995e+00
1.053266720381882404e+00
1.050095710773570223e+00
1.047215068468139831e+00
1.046403308017004541e+00
1.045390834597416330e+00
1.043051757058253592e+00
1.041669371460462123e+00
1.040017689201211848e+00
1.039299562373685371e+00
1.037917856556480833e+00
1.038029015703431313e+00
1.036558635113386195e+00
1.035502295232010983e+00
1.036541828521135411e+00
1.034892295704450405e+00
1.034022047915982734e+00
1.033390592154485033e+00
1.032474146291973094e+00
1.031847061324694836e+00
1.032739422915768035e+00
1.031603080178074228e+00
1.032383639754942184e+00
1.030302009377978223e+00
1.030427349796243952e+00
1.030315741616982805e+00
1.029421783803934787e+00
1.029305496899755701e+00
1.028832591091340065e+00
1.028053571327761651e+00
1.028393775943776456e+00
1.028738140420683678e+00
1.027172648235556318e+00
1.027816310005597034e+00
1.027507092773754627e+00
1.027611756292808431e+00
1.026835443347133170e+00
1.025556852766400073e+00
1.026306894285749172e+00
1.025559509727334895e+00
1.025141024397780987e+00
1.025042495522997754e+00
1.025757877980096655e+00
1.024099162692359011e+00
1.025858919678041214e+00
1.024276665963691935e+00
1.024820794848270822e+00
1.024355357997219329e+00
1.024380765395893178e+00
1.023630399486654241e+00
1.023746281942157887e+00
1.023293308374389587e+00
1.023069805338299609e+00
1.022958635005490668e+00
1.024018066018899775e+00
1.023064937252781137e+00
1.022959437670720506e+00
1.022654313983610397e+00
1.022829294364509867e+00
1.022954477541568208e+00
1.022234059051278399e+00
1.021712384179194633e+00
1.021912586832813608e+00
1.021453939717832160e+00
1.022015890071602984e+00
1.021289958790863484e+00
1.022085407544077285e+00
1.021680981959478540e+00
1.021733256191734274e+00
1.021477390150602016e+00
1.020747415421795257e+00
1.021315108515302272e+00
